ta_STOCH_slowk_5_3_3 T 	1.0419	1.0245	172103	325903	-inf 55.9301223755
ta_STOCH_slowk_5_3_3 T 	0.9531	0.9764	153800	325903	55.9301223755 inf
ta_STOCHRSI_slowd_28_5_3 T 	1.0546	1.0212	122645	325903	-inf 34.3879852295
ta_STOCHRSI_slowd_28_5_3 T 	0.9670	0.9883	203258	325903	34.3879852295 inf
ta_STOCHRSI_slowd_2_10_6 T 	1.0450	1.0145	150627	325903	-inf 48.8581161499
ta_STOCHRSI_slowd_2_10_6 T 	0.9614	0.9888	175276	325903	48.8581161499 inf
ta_WILLR_7 T 	1.0445	1.0285	149132	325903	-inf -50.0
ta_WILLR_7 T 	0.9625	0.9795	176771	325903	-50.0 inf
ta_STOCHRSI_slowd_14_5_3 T 	1.0381	1.0151	172586	325903	-inf 53.8469314575
ta_STOCHRSI_slowd_14_5_3 T 	0.9571	0.9841	153317	325903	53.8469314575 inf
ta_STOCH_slowd_5_3_3 T 	1.0374	1.0173	175139	325903	-inf 56.3121948242
ta_STOCH_slowd_5_3_3 T 	0.9566	0.9830	150764	325903	56.3121948242 inf
ta_TRIX_2 T 	1.0554	1.0422	107488	325903	-inf -0.259070456028
ta_TRIX_2 T 	0.9727	0.9845	218415	325903	-0.259070456028 inf
ta_STOCHRSI_slowk_28_10_6 T 	1.0559	1.0234	106017	325903	-inf 23.5992660522
ta_STOCHRSI_slowk_28_10_6 T 	0.9731	0.9894	219886	325903	23.5992660522 inf
ta_STOCHRSI_slowd_10_5_3 T 	1.0506	1.0229	119556	325903	-inf 33.3352737427
ta_STOCHRSI_slowd_10_5_3 T 	0.9707	0.9878	206347	325903	33.3352737427 inf
ta_ROC_5 T 	1.0424	1.0215	146483	325903	-inf -0.124476343393
ta_ROC_5 T 	0.9654	0.9844	179420	325903	-0.124476343393 inf
ta_ROCP_5 T 	1.0424	1.0215	146483	325903	-inf -0.00124476349447
ta_ROCP_5 T 	0.9654	0.9844	179420	325903	-0.00124476349447 inf
ta_ROCR_5 T 	1.0424	1.0215	146483	325903	-inf 0.998755216599
ta_ROCR_5 T 	0.9654	0.9844	179420	325903	0.998755216599 inf
ta_ROCR100_5 T 	1.0424	1.0215	146483	325903	-inf 99.8755187988
ta_ROCR100_5 T 	0.9654	0.9844	179420	325903	99.8755187988 inf
ta_WILLR_5 T 	1.0527	1.0371	111494	325903	-inf -64.7088699341
ta_WILLR_5 T 	0.9726	0.9832	214409	325903	-64.7088699341 inf
ta_STOCHRSI_slowk_14_10_6 T 	1.0535	1.0224	106191	325903	-inf 24.1600475311
ta_STOCHRSI_slowk_14_10_6 T 	0.9741	0.9898	219712	325903	24.1600475311 inf
ta_WILLR_10 T 	1.0602	1.0391	89928	325903	-inf -70.2607421875
ta_WILLR_10 T 	0.9771	0.9872	235975	325903	-70.2607421875 inf
ta_STOCHRSI_slowd_7_5_3 T 	1.0488	1.0223	119380	325903	-inf 33.5987930298
ta_STOCHRSI_slowd_7_5_3 T 	0.9718	0.9882	206523	325903	33.5987930298 inf
ta_STOCHRSI_slowk_10_10_6 T 	1.0503	1.0215	114558	325903	-inf 28.4414329529
ta_STOCHRSI_slowk_10_10_6 T 	0.9727	0.9890	211345	325903	28.4414329529 inf
ta_RSI_5 T 	1.0601	1.0375	87622	325903	-inf 38.9642372131
ta_RSI_5 T 	0.9779	0.9879	238281	325903	38.9642372131 inf
ta_STOCHRSI_slowk_7_10_6 T 	1.0472	1.0229	118083	325903	-inf 30.7857837677
ta_STOCHRSI_slowk_7_10_6 T 	0.9732	0.9878	207820	325903	30.7857837677 inf
ta_ROC_7 T 	1.0402	1.0210	142820	325903	-inf -0.201611399651
ta_ROC_7 T 	0.9686	0.9857	183083	325903	-0.201611399651 inf
ta_ROCP_7 T 	1.0402	1.0210	142813	325903	-inf -0.00201774947345
ta_ROCP_7 T 	0.9686	0.9857	183090	325903	-0.00201774947345 inf
ta_ROCR_7 T 	1.0402	1.0210	142813	325903	-inf 0.997982263565
ta_ROCR_7 T 	0.9686	0.9857	183090	325903	0.997982263565 inf
ta_ROCR100_7 T 	1.0402	1.0210	142813	325903	-inf 99.7982254028
ta_ROCR100_7 T 	0.9686	0.9857	183090	325903	99.7982254028 inf
ta_STOCHRSI_slowd_5_5_3 T 	1.0270	1.0130	205937	325903	-inf 66.5294799805
ta_STOCHRSI_slowd_5_5_3 T 	0.9536	0.9785	119966	325903	66.5294799805 inf
ta_STOCHRSI_slowd_5_10_6 T 	1.0374	1.0072	152943	325903	-inf 48.1090164185
ta_STOCHRSI_slowd_5_10_6 T 	0.9670	0.9941	172960	325903	48.1090164185 inf
ta_STOCHRSI_slowk_5_20_12 T 	1.0459	1.0215	118845	325903	-inf 37.0227279663
ta_STOCHRSI_slowk_5_20_12 T 	0.9737	0.9886	207058	325903	37.0227279663 inf
ta_CCI T 	1.0649	1.0471	71396	325903	-inf -83.879989624
ta_CCI T 	0.9818	0.9879	254507	325903	-83.879989624 inf
ta_STOCHRSI_slowk_28_20_12 T 	1.0741	1.0386	56749	325903	-inf 9.16556167603
ta_STOCHRSI_slowk_28_20_12 T 	0.9844	0.9921	269154	325903	9.16556167603 inf
ta_CMO_7 T 	1.0702	1.0486	61847	325903	-inf -26.0965919495
ta_CMO_7 T 	0.9836	0.9900	264056	325903	-26.0965919495 inf
ta_RSI_7 T 	1.0702	1.0486	61847	325903	-inf 36.9517059326
ta_RSI_7 T 	0.9836	0.9900	264056	325903	36.9517059326 inf
ta_STOCHRSI_slowk_28_5_3 T 	1.0375	1.0230	146229	325903	-inf 39.1694641113
ta_STOCHRSI_slowk_28_5_3 T 	0.9695	0.9826	179674	325903	39.1694641113 inf
ta_STOCHRSI_slowk_5_10_6 T 	1.0429	1.0232	123789	325903	-inf 34.1609344482
ta_STOCHRSI_slowk_5_10_6 T 	0.9737	0.9867	202114	325903	34.1609344482 inf
ta_RSI_2 T 	1.0533	1.0414	91663	325903	-inf 26.4186458588
ta_RSI_2 T 	0.9791	0.9857	234240	325903	26.4186458588 inf
ta_STOCHRSI_slowk_7_20_12 T 	1.0454	1.0171	112860	325903	-inf 34.2502326965
ta_STOCHRSI_slowk_7_20_12 T 	0.9760	0.9915	213043	325903	34.2502326965 inf
ta_STOCHRSI_slowk_10_20_12 T 	1.0539	1.0213	88908	325903	-inf 24.3024101257
ta_STOCHRSI_slowk_10_20_12 T 	0.9798	0.9924	236995	325903	24.3024101257 inf
ta_STOCHRSI_slowk_14_20_12 T 	1.0517	1.0144	93207	325903	-inf 24.8599205017
ta_STOCHRSI_slowk_14_20_12 T 	0.9793	0.9945	232696	325903	24.8599205017 inf
ta_STOCHRSI_slowk_2_20_12 T 	1.0555	1.0418	83613	325903	-inf 19.3060646057
ta_STOCHRSI_slowk_2_20_12 T 	0.9808	0.9868	242290	325903	19.3060646057 inf
ta_STOCHRSI_slowd_2_5_3 T 	1.0343	1.0219	153023	325903	-inf 47.866519928
ta_STOCHRSI_slowd_2_5_3 T 	0.9696	0.9819	172880	325903	47.866519928 inf
ta_STOCHRSI_slowd_7_10_6 T 	1.0356	1.0040	146097	325903	-inf 45.9268112183
ta_STOCHRSI_slowd_7_10_6 T 	0.9711	0.9970	179806	325903	45.9268112183 inf
ta_STOCHRSI_slowk_14_5_3 T 	1.0360	1.0220	143622	325903	-inf 37.3897628784
ta_STOCHRSI_slowk_14_5_3 T 	0.9717	0.9837	182281	325903	37.3897628784 inf
ta_WILLR_14 T 	1.0441	1.0279	111537	325903	-inf -61.205997467
ta_WILLR_14 T 	0.9771	0.9876	214366	325903	-61.205997467 inf
ta_ULTOSC_7_14_28 T 	1.0268	1.0195	188360	325903	-inf 53.739112854
ta_ULTOSC_7_14_28 T 	0.9633	0.9768	137543	325903	53.739112854 inf
ta_STOCHRSI_slowk_10_5_3 T 	1.0340	1.0220	144250	325903	-inf 37.8703765869
ta_STOCHRSI_slowk_10_5_3 T 	0.9730	0.9836	181653	325903	37.8703765869 inf
ta_ROC_2 T 	1.0369	1.0326	130762	325903	-inf -0.42517670989
ta_ROC_2 T 	0.9752	0.9822	195141	325903	-0.42517670989 inf
ta_ROCP_2 T 	1.0369	1.0326	130762	325903	-inf -0.00425176694989
ta_ROCP_2 T 	0.9752	0.9822	195141	325903	-0.00425176694989 inf
ta_ROCR100_2 T 	1.0369	1.0326	130762	325903	-inf 99.5748214722
ta_ROCR100_2 T 	0.9752	0.9822	195141	325903	99.5748214722 inf
ta_ROCR_2 T 	1.0369	1.0326	130765	325903	-inf 0.995748639107
ta_ROCR_2 T 	0.9752	0.9822	195138	325903	0.995748639107 inf
ta_CMO_10 T 	1.0758	1.0685	44582	325903	-inf -26.4104099274
ta_CMO_10 T 	0.9880	0.9906	281321	325903	-26.4104099274 inf
ta_RSI_10 T 	1.0758	1.0685	44582	325903	-inf 36.79479599
ta_RSI_10 T 	0.9880	0.9906	281321	325903	36.79479599 inf
ta_STOCHRSI_slowd_10_10_6 T 	1.0282	1.0011	172286	325903	-inf 53.0801315308
ta_STOCHRSI_slowd_10_10_6 T 	0.9683	0.9988	153617	325903	53.0801315308 inf
ta_STOCHRSI_slowd_28_10_6 T 	1.0382	1.0008	121296	325903	-inf 37.1495056152
ta_STOCHRSI_slowd_28_10_6 T 	0.9774	0.9995	204607	325903	37.1495056152 inf
ta_STOCHRSI_slowd_14_10_6 F 	1.0389	0.9980	118555	325903	-inf 36.9627532959
ta_STOCHRSI_slowd_14_10_6 F 	0.9778	1.0011	207348	325903	36.9627532959 inf
ta_STOCHRSI_slowk_2_10_6 T 	1.0488	1.0375	85986	325903	-inf 14.4606342316
ta_STOCHRSI_slowk_2_10_6 T 	0.9825	0.9875	239917	325903	14.4606342316 inf
ta_WILLR_28 T 	1.0129	1.0098	270944	325903	-inf -11.0278291702
ta_WILLR_28 T 	0.9363	0.9637	54959	325903	-11.0278291702 inf
ta_PLUS_DI_7 T 	1.0544	1.0330	68535	325903	-inf 15.1648244858
ta_PLUS_DI_7 T 	0.9855	0.9913	257368	325903	15.1648244858 inf
ta_CMO_14 T 	1.0068	1.0042	307428	325903	-inf 41.6537971497
ta_CMO_14 T 	0.8861	0.9411	18475	325903	41.6537971497 inf
ta_RSI_14 T 	1.0068	1.0042	307428	325903	-inf 70.8269042969
ta_RSI_14 T 	0.8861	0.9411	18475	325903	70.8269042969 inf
ta_STOCHRSI_slowk_7_5_3 T 	1.0307	1.0208	146911	325903	-inf 39.7926864624
ta_STOCHRSI_slowk_7_5_3 T 	0.9748	0.9839	178992	325903	39.7926864624 inf
ta_WILLR_2 T 	1.0237	1.0203	188160	325903	-inf -39.2853851318
ta_WILLR_2 T 	0.9677	0.9749	137743	325903	-39.2853851318 inf
ta_TRIX_5 T 	1.0129	1.0083	261183	325903	-inf 0.433647096157
ta_TRIX_5 T 	0.9480	0.9419	64720	325903	0.433647096157 inf
ta_STOCH_slowk_10_6_6 T 	1.0136	1.0035	252121	325903	-inf 76.8996887207
ta_STOCH_slowk_10_6_6 T 	0.9534	0.9904	73782	325903	76.8996887207 inf
ta_ROC_10 T 	1.0113	1.0046	271493	325903	-inf 5.70564365387
ta_ROC_10 T 	0.9438	0.9567	54410	325903	5.70564365387 inf
ta_ROCP_10 T 	1.0113	1.0046	271493	325903	-inf 0.0570564344525
ta_ROCP_10 T 	0.9438	0.9567	54410	325903	0.0570564344525 inf
ta_ROCR_10 T 	1.0113	1.0046	271493	325903	-inf 1.057056427
ta_ROCR_10 T 	0.9438	0.9567	54410	325903	1.057056427 inf
ta_ROCR100_10 T 	1.0113	1.0046	271493	325903	-inf 105.7056427
ta_ROCR100_10 T 	0.9438	0.9567	54410	325903	105.7056427 inf
ta_CMO_28 T 	1.0049	1.0038	313771	325903	-inf 34.0153694153
ta_CMO_28 T 	0.8730	0.9117	12132	325903	34.0153694153 inf
ta_RSI_28 T 	1.0049	1.0038	313771	325903	-inf 67.0076828003
ta_RSI_28 T 	0.8730	0.9117	12132	325903	67.0076828003 inf
ta_STOCHRSI_slowk_5_5_3 T 	1.0378	1.0305	98058	325903	-inf 4.54625797272
ta_STOCHRSI_slowk_5_5_3 T 	0.9837	0.9880	227845	325903	4.54625797272 inf
ta_PLUS_DI_10 T 	1.0567	1.0440	51695	325903	-inf 15.2709188461
ta_PLUS_DI_10 T 	0.9893	0.9918	274208	325903	15.2709188461 inf
ta_sig_123recall T 	0.9957	0.9962	316032	325903	-inf 0.5
ta_sig_123recall T 	1.1385	1.1181	9871	325903	0.5 inf
ta_PPO_6_13 T 	1.0198	1.0066	191466	325903	-inf 0.578483879566
ta_PPO_6_13 T 	0.9718	0.9900	134437	325903	0.578483879566 inf
ta_MINUS_DI_7 T 	0.9759	0.9896	154115	325903	-inf 20.3308830261
ta_MINUS_DI_7 T 	1.0216	1.0104	171788	325903	20.3308830261 inf
ta_MINUS_DM_7 T 	0.9759	0.9896	154115	325903	-inf 20.3308830261
ta_MINUS_DM_7 T 	1.0216	1.0104	171788	325903	20.3308830261 inf
ta_STOCHRSI_slowd_2_20_12 T 	1.0155	1.0090	221919	325903	-inf 58.9006309509
ta_STOCHRSI_slowd_2_20_12 T 	0.9669	0.9844	103984	325903	58.9006309509 inf
ta_PLUS_DI_14 T 	1.0476	1.0432	57319	325903	-inf 17.1095619202
ta_PLUS_DI_14 T 	0.9898	0.9910	268584	325903	17.1095619202 inf
ta_MINUS_DI_10 T 	0.9603	0.9857	71384	325903	-inf 14.931640625
ta_MINUS_DI_10 T 	1.0111	1.0045	254519	325903	14.931640625 inf
ta_MINUS_DM_10 T 	0.9603	0.9857	71384	325903	-inf 14.931640625
ta_MINUS_DM_10 T 	1.0111	1.0045	254519	325903	14.931640625 inf
ta_ROC_28 T 	1.0076	1.0028	287805	325903	-inf 12.801361084
ta_ROC_28 T 	0.9423	0.9511	38098	325903	12.801361084 inf
ta_ROCP_28 T 	1.0076	1.0028	287805	325903	-inf 0.12801361084
ta_ROCP_28 T 	0.9423	0.9511	38098	325903	0.12801361084 inf
ta_ROCR_28 T 	1.0076	1.0028	287805	325903	-inf 1.12801361084
ta_ROCR_28 T 	0.9423	0.9511	38098	325903	1.12801361084 inf
ta_ROCR100_28 T 	1.0076	1.0028	287805	325903	-inf 112.801361084
ta_ROCR100_28 T 	0.9423	0.9511	38098	325903	112.801361084 inf
ta_PLUS_DM_7 T 	1.0159	1.0156	205655	325903	-inf 0.472359001637
ta_PLUS_DM_7 T 	0.9727	0.9984	120248	325903	0.472359001637 inf
ta_PLUS_DM_14 T 	1.0109	1.0088	252927	325903	-inf 1.90961647034
ta_PLUS_DM_14 T 	0.9621	0.9966	72976	325903	1.90961647034 inf
ta_PLUS_DM_10 T 	1.0107	1.0123	252867	325903	-inf 1.34025239944
ta_PLUS_DM_10 T 	0.9629	0.9951	73036	325903	1.34025239944 inf
ta_ROC_14 T 	1.0170	1.0151	186584	325903	-inf 1.92107605934
ta_ROC_14 T 	0.9772	0.9788	139319	325903	1.92107605934 inf
ta_ROCP_14 T 	1.0170	1.0151	186584	325903	-inf 0.0192107595503
ta_ROCP_14 T 	0.9772	0.9788	139319	325903	0.0192107595503 inf
ta_ROCR100_14 T 	1.0170	1.0151	186584	325903	-inf 101.921073914
ta_ROCR100_14 T 	0.9772	0.9788	139319	325903	101.921073914 inf
ta_ROCR_14 T 	1.0170	1.0151	186581	325903	-inf 1.0192091465
ta_ROCR_14 T 	0.9773	0.9789	139322	325903	1.0192091465 inf
ta_STOCHRSI_slowk_2_5_3 T 	1.0227	1.0241	138302	325903	-inf 34.4810256958
ta_STOCHRSI_slowk_2_5_3 T 	0.9832	0.9834	187601	325903	34.4810256958 inf
ta_TRIX_7 T 	1.0116	1.0054	240346	325903	-inf 0.290989339352
ta_TRIX_7 T 	0.9675	0.9779	85557	325903	0.290989339352 inf
ta_sig_adx T 	0.9977	0.9973	321160	325903	-inf 0.5
ta_sig_adx T 	1.1583	1.1970	4743	325903	0.5 inf
ta_MINUS_DI_14 T 	0.9596	0.9856	59166	325903	-inf 15.2328453064
ta_MINUS_DI_14 T 	1.0090	1.0036	266737	325903	15.2328453064 inf
ta_MINUS_DM_14 T 	0.9596	0.9856	59166	325903	-inf 15.2328453064
ta_MINUS_DM_14 T 	1.0090	1.0036	266737	325903	15.2328453064 inf
ta_BOP T 	1.0282	1.0238	95867	325903	-inf -0.392857193947
ta_BOP T 	0.9882	0.9914	230036	325903	-0.392857193947 inf
ta_MINUS_DI_28 T 	0.9255	0.9600	16951	325903	-inf 14.0474967957
ta_MINUS_DI_28 T 	1.0041	1.0025	308952	325903	14.0474967957 inf
ta_MINUS_DM_28 T 	0.9255	0.9600	16951	325903	-inf 14.0474967957
ta_MINUS_DM_28 T 	1.0041	1.0025	308952	325903	14.0474967957 inf
ta_STOCHRSI_slowd_28_20_12 T 	1.0501	1.0380	34931	325903	-inf 15.5988254547
ta_STOCHRSI_slowd_28_20_12 T 	0.9940	0.9957	290972	325903	15.5988254547 inf
ta_STOCHRSI_slowd_14_20_12 T 	1.0903	1.0783	11142	325903	-inf 10.2364120483
ta_STOCHRSI_slowd_14_20_12 T 	0.9968	0.9976	314761	325903	10.2364120483 inf
ta_MFI_7 T 	1.0177	1.0262	154333	325903	-inf 51.7024002075
ta_MFI_7 T 	0.9841	0.9766	171570	325903	51.7024002075 inf
ta_MFI_10 T 	1.0177	1.0262	154333	325903	-inf 51.7024002075
ta_MFI_10 T 	0.9841	0.9766	171570	325903	51.7024002075 inf
ta_MFI_14 T 	1.0177	1.0262	154333	325903	-inf 51.7024002075
ta_MFI_14 T 	0.9841	0.9766	171570	325903	51.7024002075 inf
ta_MFI_28 T 	1.0177	1.0262	154333	325903	-inf 51.7024002075
ta_MFI_28 T 	0.9841	0.9766	171570	325903	51.7024002075 inf
ta_PLUS_DI_28 T 	1.0495	1.0464	33370	325903	-inf 17.4282855988
ta_PLUS_DI_28 T 	0.9944	0.9952	292533	325903	17.4282855988 inf
ta_STOCHRSI_slowd_10_20_12 T 	1.0603	1.0521	22079	325903	-inf 16.0344219208
ta_STOCHRSI_slowd_10_20_12 T 	0.9956	0.9966	303824	325903	16.0344219208 inf
ta_STOCHRSI_slowd_7_20_12 T 	1.0737	1.0374	13470	325903	-inf 15.047867775
ta_STOCHRSI_slowd_7_20_12 T 	0.9968	0.9986	312433	325903	15.047867775 inf
ta_STOCHRSI_slowd_5_20_12 F 	1.0295	0.9923	67807	325903	-inf 33.2199020386
ta_STOCHRSI_slowd_5_20_12 F 	0.9923	1.0019	258096	325903	33.2199020386 inf
ta_TRIX_10 T 	1.0076	1.0024	252175	325903	-inf 0.290067374706
ta_TRIX_10 T 	0.9742	0.9863	73728	325903	0.290067374706 inf
ta_STOCH_slowk_20_12_12 T 	1.0069	1.0055	255781	325903	-inf 78.7695236206
ta_STOCH_slowk_20_12_12 T 	0.9749	0.9850	70122	325903	78.7695236206 inf
ta_HT_DCPHASE F 	0.9923	1.0091	233183	325903	-inf 198.967071533
ta_HT_DCPHASE F 	1.0194	0.9789	92720	325903	198.967071533 inf
ta_NATR_28 F 	1.0175	0.9982	90167	325903	-inf 1.82580661774
ta_NATR_28 F 	0.9933	1.0022	235736	325903	1.82580661774 inf
ta_STOCH_slowd_10_6_6 T 	1.0051	1.0005	266012	325903	-inf 77.4886245728
ta_STOCH_slowd_10_6_6 T 	0.9772	0.9982	59891	325903	77.4886245728 inf
ta_PPO_12_26 T 	1.0065	1.0028	237998	325903	-inf 1.93708324432
ta_PPO_12_26 T 	0.9825	0.9892	87905	325903	1.93708324432 inf
ta_NATR_14 F 	1.0205	0.9891	67050	325903	-inf 1.68357920647
ta_NATR_14 F 	0.9947	1.0090	258853	325903	1.68357920647 inf
ta_ADXR_28 F 	0.9984	1.0005	318027	325903	-inf 33.3406982422
ta_ADXR_28 F 	1.0638	0.9676	7876	325903	33.3406982422 inf
ta_NATR_10 F 	1.0210	0.9880	60190	325903	-inf 1.62861502171
ta_NATR_10 F 	0.9952	1.0086	265713	325903	1.62861502171 inf
ta_sig_ta_PLUS_DM_28 T 	0.8866	0.9836	2379	325903	-inf 0.5
ta_sig_ta_PLUS_DM_28 T 	1.0008	1.0006	323524	325903	0.5 inf
ta_TRIX_14 T 	1.0027	1.0023	301455	325903	-inf 0.456831812859
ta_TRIX_14 T 	0.9670	0.9055	24448	325903	0.456831812859 inf
ta_HT_DCPERIOD F 	0.9989	1.0006	321272	325903	-inf 36.3607559204
ta_HT_DCPERIOD F 	1.0765	0.9707	4631	325903	36.3607559204 inf
ta_ADXR_14 T 	0.2280	0.0000	41	325903	-inf 7.79704284668
ta_ADXR_14 T 	1.0001	1.0000	325862	325903	7.79704284668 inf
ta_NATR_7 T 	1.0094	1.0012	147091	325903	-inf 2.15209388733
ta_NATR_7 T 	0.9922	0.9969	178812	325903	2.15209388733 inf
ta_ADX_28 T 	0.3463	0.0000	54	325903	-inf 5.05167818069
ta_ADX_28 T 	1.0001	1.0001	325849	325903	5.05167818069 inf
ta_STOCH_slowd_20_12_12 F 	1.0001	0.9999	325862	325903	-inf 95.9720611572
ta_STOCH_slowd_20_12_12 F 	0.3193	1.1465	41	325903	95.9720611572 inf
ta_ADX_7 T 	1.0004	1.0001	324847	325903	-inf 76.1085662842
ta_ADX_7 T 	0.8747	0.9303	1056	325903	76.1085662842 inf
ta_ADXR_10 F 	1.0010	1.0000	317422	325903	-inf 51.3126335144
ta_ADXR_10 F 	0.9626	1.0002	8481	325903	51.3126335144 inf
ta_TRIX_28 F 	1.5949	0.0000	34	325903	-inf -1.85866641998
ta_TRIX_28 F 	0.9999	1.0000	325869	325903	-1.85866641998 inf
ta_ADX_14 T 	1.0002	1.0002	325656	325903	-inf 63.7335014343
ta_ADX_14 T 	0.7797	0.3863	247	325903	63.7335014343 inf
ta_ADXR_7 T 	0.8855	0.9602	794	325903	-inf 13.7170581818
ta_ADXR_7 T 	1.0003	1.0001	325109	325903	13.7170581818 inf
ta_ADX_10 T 	1.0003	1.0000	324625	325903	-inf 65.3857116699
ta_ADX_10 T 	0.9130	0.9928	1278	325903	65.3857116699 inf
ta_sig_upbreak T 	0.9999	0.9993	325284	325903	-inf 0.5
ta_sig_upbreak T 	1.0633	1.2924	619	325903	0.5 inf
