0.516413701925
      top  accurate  threshold
0    1000  0.570000   0.540021
1    2000  0.565000   0.537358
2    3000  0.561333   0.535583
3    5000  0.556800   0.533041
4   10000  0.551900   0.528908
5  100000  0.523140   0.505796
      top  threshold    num1      roi1    num2      roi2     num3      roi3      num4      roi4
0  1000.0   0.540021   184.0  2.962107   585.0  4.039665    689.0  4.441810    1000.0  3.860439
1  2000.0   0.537358   348.0  2.780979  1176.0  4.593862   1441.0  4.900755    2000.0  4.375416
2  3000.0   0.535583   493.0  1.559830  1723.0  3.155100   2189.0  3.710260    3000.0  4.082600
3  5000.0   0.533041   734.0  0.376157  2686.0  2.156176   3560.0  2.773528    5000.0  4.044172
4    -1.0   0.473234  1842.0  0.749963  9210.0  1.673180  18420.0  1.568041  673179.0  0.150405
   year     top  threshold   num1      roi1    num2      roi2    num3      roi3     num4      roi4
0  2013  1000.0   0.532958  133.0  0.870799   518.0  2.079529   697.0  3.178587   1000.0  5.219854
1  2013  2000.0   0.528537  180.0  1.938069   788.0  3.505352  1206.0  3.586626   2000.0  5.163576
2  2013  3000.0   0.525425  198.0  1.994140   908.0  4.094501  1512.0  3.799177   3000.0  4.994716
3  2013  5000.0   0.520742  222.0  3.276985  1035.0  4.408103  1865.0  4.166551   5000.0  4.716664
4  2013    -1.0   0.473234  252.0  3.470534  1260.0  4.584345  2520.0  4.559015  93028.0  3.367379
0  2014  1000.0   0.533341  127.0 -0.501511   484.0  0.804713   667.0  1.609821   1000.0  5.743008
1  2014  2000.0   0.529042  178.0 -0.405073   759.0 -0.123202  1160.0  0.140859   2000.0  3.905450
2  2014  3000.0   0.526151  204.0  1.383136   915.0  0.725964  1507.0  0.359908   3000.0  3.116529
3  2014  5000.0   0.521715  215.0  1.690212  1031.0  1.475774  1858.0  0.914105   5000.0  2.451728
4  2014    -1.0   0.473234  252.0  1.665028  1260.0  1.907977  2520.0  2.132743  94051.0  0.310004
0  2011  1000.0   0.530643  106.0  9.677903   436.0  7.347917   640.0  5.242594   1000.0  3.414130
1  2011  2000.0   0.525875  141.0  8.722520   619.0  6.687012  1012.0  5.169738   2000.0  2.767236
2  2011  3000.0   0.522491  154.0  9.185591   711.0  6.359675  1221.0  5.224679   3000.0  2.062803
3  2011  5000.0   0.517581  181.0  8.700770   835.0  6.515197  1504.0  5.254178   5000.0  2.394898
4  2011    -1.0   0.473234  252.0  2.814264  1260.0  3.420656  2520.0  2.649551  92504.0 -2.510271
0  2010  1000.0   0.529140  131.0 -1.815675   533.0  3.206706   752.0  3.883510   1000.0  1.746346
1  2010  2000.0   0.524692  182.0  0.908955   791.0  3.407520  1251.0  3.886294   2000.0  2.422190
2  2010  3000.0   0.521522  201.0  1.345026   921.0  2.983946  1541.0  3.380805   3000.0  1.910554
3  2010  5000.0   0.517018  223.0  1.298007  1055.0  3.187611  1893.0  3.309187   5000.0  1.916728
4  2010    -1.0   0.473234  252.0  1.656581  1260.0  2.494787  2520.0  2.248841  92696.0  0.816688
0  2012  1000.0   0.532099  130.0 -4.832035   493.0  2.525333   671.0  3.871991   1000.0  6.122854
1  2012  2000.0   0.527882  190.0 -2.540608   779.0  2.305020  1166.0  3.072453   2000.0  6.159998
2  2012  3000.0   0.524868  214.0 -2.068201   947.0  1.916676  1534.0  2.624435   3000.0  6.035565
3  2012  5000.0   0.520405  239.0 -2.733527  1108.0  1.874094  1958.0  2.190652   5000.0  5.625215
4  2012    -1.0   0.473234  250.0 -2.532581  1250.0  1.572688  2500.0  1.193474  90386.0  1.027702
0  2015  1000.0   0.528577  118.0 -0.076156   457.0 -1.198096   648.0  0.792645   1000.0  4.126009
1  2015  2000.0   0.524001  169.0 -3.462847   694.0 -4.089030  1051.0 -2.444262   2000.0  1.923466
2  2015  3000.0   0.520794  188.0 -2.832316   830.0 -2.975533  1341.0 -1.963917   3000.0  1.820901
3  2015  5000.0   0.515886  220.0 -2.635785  1022.0 -3.091029  1789.0 -3.127667   5000.0  1.011589
4  2015    -1.0   0.473234  252.0 -2.014368  1260.0 -2.806520  2520.0 -2.892938  92572.0 -3.584860
0  2017  1000.0   0.520546   75.0 -0.123805   357.0  0.527450   599.0  0.059659   1000.0  1.509669
1  2017  2000.0   0.513988   79.0 -0.893392   386.0  0.665934   740.0  0.903254   2000.0  1.892542
2  2017  3000.0   0.509387   80.0 -0.704111   398.0  0.784396   775.0  1.219640   3000.0  2.266150
3  2017  5000.0   0.502332   80.0 -0.704111   400.0  0.852269   799.0  1.457056   5000.0  1.751842
4  2017    -1.0   0.473234   80.0 -0.704111   400.0  0.852269   800.0  1.479412  28286.0  0.736638
0  2016  1000.0   0.526979  140.0 -0.493138   571.0 -0.907853   787.0  0.569353   1000.0  1.703712
1  2016  2000.0   0.521996  178.0 -2.163435   807.0 -0.698615  1306.0  0.093170   2000.0  1.868608
2  2016  3000.0   0.518721  198.0 -0.437466   911.0 -0.196952  1588.0  0.231565   3000.0  1.795878
3  2016  5000.0   0.513765  215.0  0.318424  1016.0 -0.706854  1840.0 -0.739150   5000.0  1.373130
4  2016    -1.0   0.473234  252.0  0.625845  1260.0  0.798136  2520.0  1.110767  89656.0  1.488698
                      date   sym   open   high    low  close      pred
ds                                                                    
2017-04-27EXC   2017-04-27   EXC  34.92  35.17  34.80  34.84  0.532536
2017-04-27T     2017-04-27     T  40.37  40.40  39.88  39.91  0.529143
2017-04-27SHLD  2017-04-27  SHLD  10.76  10.82  10.35  10.46  0.527249
2017-04-27KIM   2017-04-27   KIM  21.14  21.85  20.63  20.67  0.526747
2017-04-27GE    2017-04-27    GE  29.29  29.31  29.02  29.08  0.525366
