0.517989132205
      top  accurate  threshold
0    1000  0.580000   0.555884
1    2000  0.570000   0.552445
2    3000  0.580333   0.550175
3    5000  0.569600   0.546953
4   10000  0.560600   0.541416
5  100000  0.526900   0.512801
      top  threshold    num1      roi1    num2      roi2     num3      roi3      num4      roi4
0  1000.0   0.555884   192.0  4.953901   582.0  5.807487    665.0  6.940884    1000.0  5.649521
1  2000.0   0.552445   363.0  3.254819  1182.0  5.102219   1410.0  5.290237    2000.0  5.179320
2  3000.0   0.550175   520.0  2.518438  1756.0  4.982188   2198.0  5.420753    3000.0  5.828203
3  5000.0   0.546953   749.0  2.260573  2714.0  3.695411   3568.0  4.210613    5000.0  5.205202
4    -1.0   0.404741  1843.0  2.023444  9215.0  1.543088  18430.0  1.463478  673443.0  0.145369
   year     top  threshold   num1       roi1    num2      roi2    num3      roi3     num4      roi4
0  2014  1000.0   0.547338  136.0  -0.741893   494.0  1.798000   670.0  1.822613   1000.0  5.519763
1  2014  2000.0   0.541338  185.0   0.229094   771.0  1.180129  1143.0  0.939903   2000.0  4.900263
2  2014  3000.0   0.537382  204.0   0.808894   919.0  1.027069  1491.0  0.706217   3000.0  4.014209
3  2014  5000.0   0.531549  225.0   0.807042  1066.0  0.889977  1916.0  0.631815   5000.0  3.097436
4  2014    -1.0   0.410092  252.0   2.530635  1260.0  1.991905  2520.0  2.040699  94036.0  0.330276
0  2010  1000.0   0.541773  128.0   1.704722   501.0  4.140301   711.0  3.008992   1000.0  1.609613
1  2010  2000.0   0.535678  188.0   1.468316   798.0  4.299540  1219.0  3.610370   2000.0  2.764058
2  2010  3000.0   0.531544  208.0   1.563551   942.0  4.285721  1533.0  3.651747   3000.0  3.024032
3  2010  5000.0   0.525365  231.0   1.055678  1086.0  3.493203  1939.0  3.493521   5000.0  3.261544
4  2010    -1.0   0.404741  252.0   1.506743  1260.0  2.830176  2520.0  2.004885  92798.0  0.855769
0  2012  1000.0   0.545354  132.0  -0.335451   505.0  3.317804   683.0  4.870062   1000.0  7.036447
1  2012  2000.0   0.539181  193.0   0.471879   801.0  3.406020  1192.0  4.457564   2000.0  7.211756
2  2012  3000.0   0.535074  215.0   0.851228   952.0  2.242297  1524.0  3.427203   3000.0  6.804720
3  2012  5000.0   0.528882  239.0   0.588036  1128.0  1.441967  1972.0  2.646218   5000.0  6.040947
4  2012    -1.0   0.407348  250.0   0.158216  1250.0  0.824665  2500.0  1.506944  90284.0  0.962672
0  2013  1000.0   0.546774  137.0   8.491830   517.0  6.070108   692.0  5.929950   1000.0  7.476866
1  2013  2000.0   0.540825  183.0   9.009135   782.0  5.393521  1187.0  5.342160   2000.0  6.648296
2  2013  3000.0   0.536658  203.0   7.614157   907.0  4.872633  1492.0  4.375697   3000.0  5.907209
3  2013  5000.0   0.530412  228.0   8.003201  1062.0  4.919192  1883.0  4.177429   5000.0  5.381512
4  2013    -1.0   0.409092  252.0   7.675654  1260.0  5.402597  2520.0  4.766061  93102.0  3.406370
0  2016  1000.0   0.540717  144.0   0.578114   589.0  0.249741   804.0  1.902911   1000.0  2.430919
1  2016  2000.0   0.534254  188.0   0.291152   829.0  0.478371  1352.0  1.054097   2000.0  1.995519
2  2016  3000.0   0.529867  206.0   0.363430   941.0 -0.386776  1631.0  0.200696   3000.0  1.512215
3  2016  5000.0   0.523572  232.0   2.066146  1085.0  0.190560  1953.0  0.170178   5000.0  1.558285
4  2016    -1.0   0.409676  252.0   1.923773  1260.0  0.594087  2520.0  1.220927  89638.0  1.492326
0  2011  1000.0   0.542304  119.0   8.275046   468.0  7.477626   671.0  8.043503   1000.0  5.404309
1  2011  2000.0   0.536225  152.0   9.750237   654.0  7.190111  1044.0  7.414508   2000.0  5.324189
2  2011  3000.0   0.532026  172.0  10.229942   782.0  7.155467  1323.0  6.001319   3000.0  5.634377
3  2011  5000.0   0.525950  193.0  11.089490   912.0  7.085236  1640.0  6.051399   5000.0  5.405672
4  2011    -1.0   0.407477  252.0   4.403573  1260.0  3.122469  2520.0  2.312312  92404.0 -2.571831
0  2015  1000.0   0.542345  109.0  -0.923011   433.0 -0.467601   626.0  1.066304   1000.0  3.857305
1  2015  2000.0   0.536338  169.0  -4.941993   702.0 -4.049794  1057.0 -2.062324   2000.0  2.525862
2  2015  3000.0   0.532093  195.0  -3.549837   867.0 -4.374642  1394.0 -2.957962   3000.0  1.403736
3  2015  5000.0   0.525735  221.0  -4.217889  1034.0 -4.010724  1825.0 -3.203306   5000.0  1.301674
4  2015    -1.0   0.411336  252.0  -3.149023  1260.0 -3.490040  2520.0 -3.306398  92511.0 -3.643288
0  2017  1000.0   0.532204   76.0  -1.010715   364.0  0.086083   610.0  0.746572   1000.0  0.766825
1  2017  2000.0   0.523582   81.0  -0.777392   398.0  0.031040   759.0  0.401814   2000.0  1.459332
2  2017  3000.0   0.517605   81.0  -0.777392   405.0  0.049931   793.0  0.363974   3000.0  1.487764
3  2017  5000.0   0.509300   81.0  -0.777392   405.0  0.049931   809.0  0.565503   5000.0  1.917990
4  2017    -1.0   0.415674   81.0  -0.777392   405.0  0.049931   810.0  0.527838  28670.0  0.847391
                      date   sym   open   high    low  close      pred
ds                                                                    
2017-04-28GE    2017-04-28    GE  29.10  29.16  28.93  28.99  0.545261
2017-04-28AN    2017-04-28    AN  43.51  43.83  41.93  42.00  0.543757
2017-04-28SHLD  2017-04-28  SHLD  10.36  10.59  10.08  10.22  0.542061
2017-04-28VZ    2017-04-28    VZ  46.64  46.64  45.89  45.91  0.534913
2017-04-28HCN   2017-04-28   HCN  72.05  72.05  70.58  71.44  0.534422
