0.51784750265
      top  accurate  threshold
0    1000  0.600000   0.552800
1    2000  0.582500   0.546869
2    3000  0.574667   0.542868
3    5000  0.571400   0.537546
4   10000  0.554700   0.529813
5  100000  0.523220   0.504621
      top  threshold    num1      roi1    num2      roi2     num3      roi3      num4      roi4
0  1000.0   0.552800   149.0  5.701722   485.0  6.568874    589.0  7.879416    1000.0  9.471364
1  2000.0   0.546869   319.0  5.593329  1043.0  6.245103   1277.0  7.032534    2000.0  8.252731
2  3000.0   0.542868   477.0  3.668884  1607.0  4.544375   2005.0  5.583419    3000.0  7.800242
3  5000.0   0.537546   720.0  2.819853  2600.0  3.825571   3374.0  5.018650    5000.0  7.194594
4    -1.0   0.416611  1838.0  2.285389  9190.0  1.624621  18380.0  1.424280  672973.0  0.160527
   year     top  threshold   num1      roi1    num2      roi2    num3      roi3     num4      roi4
0  2012  1000.0   0.534461  130.0  3.276108   497.0  3.486789   668.0  4.298535   1000.0  6.365600
1  2012  2000.0   0.526736  191.0  1.885557   796.0  1.603406  1202.0  2.478352   2000.0  5.188137
2  2012  3000.0   0.522508  217.0  1.037285   957.0  1.514584  1576.0  2.114106   3000.0  4.816145
3  2012  5000.0   0.516913  240.0  0.851587  1136.0  0.855578  2015.0  1.575417   5000.0  4.640792
4  2012    -1.0   0.419417  250.0  0.772069  1250.0  1.108811  2500.0  1.232455  90449.0  1.006247
0  2011  1000.0   0.535463   94.0  4.498890   384.0  4.024855   517.0  5.779578   1000.0  9.265224
1  2011  2000.0   0.526780  134.0  4.469711   584.0  4.854073   953.0  4.910483   2000.0  7.625635
2  2011  3000.0   0.521916  157.0  6.188273   711.0  5.494909  1206.0  5.260371   3000.0  6.083265
3  2011  5000.0   0.515738  192.0  6.962334   879.0  4.891103  1575.0  4.513216   5000.0  4.948473
4  2011    -1.0   0.418810  252.0  2.509402  1260.0  2.051257  2520.0  1.918492  92696.0 -2.587895
0  2010  1000.0   0.532323  123.0 -0.024911   486.0  3.847030   665.0  5.404992   1000.0  5.616702
1  2010  2000.0   0.524376  166.0  1.513161   727.0  2.297060  1147.0  4.172462   2000.0  5.142226
2  2010  3000.0   0.519921  195.0  0.931408   868.0  1.580614  1454.0  2.983076   3000.0  4.439673
3  2010  5000.0   0.514242  226.0  2.472209  1053.0  1.936089  1859.0  2.500134   5000.0  4.157942
4  2010    -1.0   0.416611  252.0  3.059694  1260.0  1.466616  2520.0  1.504769  93113.0  0.886310
0  2014  1000.0   0.535809  113.0 -1.169402   416.0  0.613875   575.0  2.390915   1000.0  8.834402
1  2014  2000.0   0.527970  174.0 -0.595415   707.0  0.094565  1036.0  1.626111   2000.0  6.675457
2  2014  3000.0   0.523598  211.0  1.006527   925.0  1.430601  1451.0  1.935031   3000.0  5.555111
3  2014  5000.0   0.518175  232.0  3.185842  1085.0  2.407492  1910.0  2.260266   5000.0  3.964850
4  2014    -1.0   0.421543  252.0  3.203842  1260.0  2.698378  2520.0  2.532265  94157.0  0.374251
0  2013  1000.0   0.534943  136.0  0.576459   515.0  3.393324   708.0  2.345040   1000.0  4.366866
1  2013  2000.0   0.527106  189.0 -0.245097   786.0  2.447546  1198.0  1.989625   2000.0  4.089016
2  2013  3000.0   0.522651  225.0  1.639895   994.0  2.899013  1595.0  2.319045   3000.0  4.140465
3  2013  5000.0   0.516920  240.0  1.696145  1137.0  2.740580  2024.0  2.158065   5000.0  4.222609
4  2013    -1.0   0.420309  252.0  2.095839  1260.0  2.801968  2520.0  2.852233  93082.0  3.435506
0  2016  1000.0   0.529840  149.0  2.651966   605.0  0.712827   810.0  1.646954   1000.0  0.827359
1  2016  2000.0   0.522335  181.0  3.554072   818.0  1.833977  1343.0  0.761559   2000.0  0.870430
2  2016  3000.0   0.517827  207.0  3.238925   936.0  1.928582  1641.0  0.447527   3000.0  1.202703
3  2016  5000.0   0.512194  226.0  4.032793  1063.0  2.462091  1919.0  1.107014   5000.0  1.322437
4  2016    -1.0   0.421502  252.0  3.975514  1260.0  2.766074  2520.0  2.105079  89935.0  1.628160
0  2015  1000.0   0.529127  112.0  2.441409   419.0  5.375385   589.0  6.697039   1000.0  9.051434
1  2015  2000.0   0.521999  171.0 -0.228700   716.0  0.337817  1059.0  1.904222   2000.0  6.275459
2  2015  3000.0   0.517549  196.0  0.509948   871.0 -0.390615  1389.0  0.605112   3000.0  4.888356
3  2015  5000.0   0.512459  226.0  0.805221  1053.0 -0.454407  1854.0 -0.232992   5000.0  3.631554
4  2015    -1.0   0.421206  252.0  0.566309  1260.0 -0.798085  2520.0 -1.335668  92581.0 -3.545419
0  2017  1000.0   0.520876   73.0  1.258282   352.0 -1.462975   612.0 -1.407312   1000.0  0.888995
1  2017  2000.0   0.513040   76.0  1.632331   375.0 -0.743803   722.0 -1.618325   2000.0 -0.169298
2  2017  3000.0   0.508763   76.0  1.632331   380.0 -0.785194   748.0 -1.464975   3000.0  0.188279
3  2017  5000.0   0.502860   76.0  1.632331   380.0 -0.785194   757.0 -1.435785   5000.0  0.382546
4  2017    -1.0   0.425836   76.0  1.632331   380.0 -0.785194   760.0 -1.364917  26960.0  0.043196
                     date  sym    open    high     low   close      pred
ds                                                                      
2017-04-21T    2017-04-21    T   40.23   40.36   39.81   39.93  0.531536
2017-04-21BHI  2017-04-21  BHI   58.96   59.61   57.68   57.68  0.530727
2017-04-21IBM  2017-04-21  IBM  162.05  162.11  160.38  160.38  0.529833
2017-04-21MON  2017-04-21  MON  115.57  115.89  115.40  115.50  0.528221
2017-04-21CB   2017-04-21   CB  136.55  136.90  135.43  135.48  0.526805
