0.517684282678
      top  accurate  threshold
0    1000  0.596000   0.562411
1    2000  0.583000   0.559211
2    3000  0.576667   0.556876
3    5000  0.561800   0.553602
4   10000  0.553700   0.547845
5  100000  0.525050   0.517469
      top  threshold    num1      roi1    num2      roi2     num3      roi3      num4      roi4
0  1000.0   0.562411   193.0  8.279025   581.0  4.926384    673.0  5.445068    1000.0  5.163731
1  2000.0   0.559211   346.0  6.328583  1163.0  5.284070   1413.0  5.101166    2000.0  4.975645
2  3000.0   0.556876   481.0  4.630786  1701.0  3.842078   2149.0  3.861302    3000.0  4.545454
3  5000.0   0.553602   720.0  3.079082  2624.0  2.444733   3490.0  3.289359    5000.0  4.622497
4    -1.0   0.425689  1841.0  1.632787  9205.0  1.548063  18410.0  1.494206  672955.0  0.146115
   year     top  threshold   num1      roi1    num2      roi2    num3      roi3     num4      roi4
0  2012  1000.0   0.552168  124.0  0.808040   476.0  2.349735   654.0  4.742369   1000.0  6.562600
1  2012  2000.0   0.545517  185.0  0.115308   755.0  2.654091  1130.0  3.748879   2000.0  6.377462
2  2012  3000.0   0.541385  206.0 -0.090619   927.0  2.232747  1481.0  3.859594   3000.0  6.821430
3  2012  5000.0   0.534690  236.0 -1.159790  1114.0  1.480179  1943.0  3.033202   5000.0  6.335735
4  2012    -1.0   0.432340  250.0 -1.280700  1250.0  0.861430  2500.0  1.429366  90404.0  1.033394
0  2013  1000.0   0.553498  130.0  5.832704   494.0  3.134215   674.0  3.055701   1000.0  6.144910
1  2013  2000.0   0.547307  174.0  5.137283   737.0  3.664314  1135.0  3.451451   2000.0  5.573367
2  2013  3000.0   0.542594  201.0  6.523283   893.0  3.827985  1464.0  3.260880   3000.0  5.042348
3  2013  5000.0   0.535854  221.0  6.694068  1032.0  4.175451  1821.0  3.415685   5000.0  4.707769
4  2013    -1.0   0.429316  252.0  7.526612  1260.0  4.456867  2520.0  4.183963  93111.0  3.411339
0  2011  1000.0   0.549592  107.0  5.497342   432.0  8.318853   641.0  6.950044   1000.0  4.700407
1  2011  2000.0   0.542726  141.0  4.789085   624.0  8.071012  1006.0  8.034403   2000.0  4.420891
2  2011  3000.0   0.537839  163.0  4.447941   737.0  6.981960  1258.0  5.762690   3000.0  3.948653
3  2011  5000.0   0.531174  189.0  5.142633   874.0  7.041990  1571.0  5.235492   5000.0  3.949123
4  2011    -1.0   0.431550  252.0  0.360806  1260.0  3.310320  2520.0  2.409437  92425.0 -2.529486
0  2010  1000.0   0.547989  130.0  2.728235   498.0  2.772561   697.0  2.889556   1000.0  1.368081
1  2010  2000.0   0.541350  185.0  2.012251   781.0  2.735378  1191.0  3.007452   2000.0  2.207498
2  2010  3000.0   0.536995  200.0  2.349227   928.0  2.900224  1533.0  3.553841   3000.0  2.886924
3  2010  5000.0   0.530560  225.0  1.839568  1069.0  2.178428  1921.0  3.316544   5000.0  2.554148
4  2010    -1.0   0.425689  252.0  1.202838  1260.0  1.638708  2520.0  2.383182  92727.0  0.772823
0  2014  1000.0   0.554283  119.0  3.619242   464.0  1.786777   638.0  2.056694   1000.0  4.789606
1  2014  2000.0   0.548074  179.0  2.073620   751.0  0.931352  1133.0  0.393792   2000.0  3.552670
2  2014  3000.0   0.543580  197.0  2.751929   903.0  0.999630  1473.0 -0.038372   3000.0  3.369742
3  2014  5000.0   0.537034  219.0  2.168367  1042.0  0.951786  1862.0 -0.013322   5000.0  3.077139
4  2014    -1.0   0.429811  252.0  3.936307  1260.0  2.191007  2520.0  1.487325  94059.0  0.342195
0  2017  1000.0   0.536676   75.0  0.245673   350.0  0.099696   597.0  1.219506   1000.0  1.370360
1  2017  2000.0   0.527806   79.0  0.583165   385.0  0.444123   734.0  1.517882   2000.0  2.171530
2  2017  3000.0   0.521706   79.0  0.583165   394.0  0.483342   775.0  1.457290   3000.0  1.685634
3  2017  5000.0   0.513603   79.0  0.583165   395.0  0.581579   789.0  1.314898   5000.0  1.768919
4  2017    -1.0   0.435578   79.0  0.583165   395.0  0.581579   790.0  1.275331  28037.0  0.638910
0  2016  1000.0   0.546016  153.0 -0.213336   614.0  0.231998   812.0  1.785554   1000.0  1.839380
1  2016  2000.0   0.539134  185.0  0.591186   830.0 -0.256777  1324.0  1.853294   2000.0  2.933368
2  2016  3000.0   0.534438  196.0  0.775738   914.0  0.045135  1585.0  1.019939   3000.0  2.964293
3  2016  5000.0   0.527854  225.0  2.501569  1061.0  0.063036  1911.0  0.601235   5000.0  2.063316
4  2016    -1.0   0.428758  252.0  3.317695  1260.0  1.220732  2520.0  1.576263  89568.0  1.448490
0  2015  1000.0   0.548429  115.0 -4.264726   434.0 -0.618170   621.0  0.967460   1000.0  4.698740
1  2015  2000.0   0.541782  165.0 -6.103480   683.0 -3.656521  1034.0 -2.224010   2000.0  2.713139
2  2015  3000.0   0.537125  184.0 -5.334873   827.0 -3.765546  1336.0 -3.008271   3000.0  2.152583
3  2015  5000.0   0.530268  221.0 -4.680470  1039.0 -3.039017  1796.0 -2.533475   5000.0  1.168020
4  2015    -1.0   0.432020  252.0 -3.328124  1260.0 -2.545084  2520.0 -2.941991  92624.0 -3.567529
                     date  sym    open    high     low   close      pred
ds                                                                      
2017-04-26GE   2017-04-26   GE   29.52   29.55   29.26   29.26  0.557466
2017-04-26AMT  2017-04-26  AMT  123.45  123.95  122.73  122.81  0.553459
2017-04-26IBM  2017-04-26  IBM  160.53  161.10  159.89  160.06  0.552650
2017-04-26VNO  2017-04-26  VNO  100.27  100.78   97.57   97.59  0.549340
2017-04-26BXP  2017-04-26  BXP  132.54  133.50  127.23  127.35  0.548989
