0.517585593243
      top  accurate  threshold
0    1000  0.561000   0.521836
1    2000  0.550500   0.521034
2    3000  0.538667   0.520428
3    5000  0.538000   0.519601
4   10000  0.533300   0.518062
5  100000  0.522780   0.508104
      top  threshold    num1      roi1    num2      roi2     num3      roi3      num4      roi4
0  1000.0   0.521836   223.0  1.357505   651.0  2.146556    711.0  2.067851    1000.0  2.886440
1  2000.0   0.521034   412.0  3.243363  1366.0  2.997735   1601.0  3.074811    2000.0  2.667215
2  3000.0   0.520428   549.0  3.415668  1937.0  2.413479   2435.0  2.512212    3000.0  2.122755
3  5000.0   0.519601   800.0  2.712508  2988.0  2.292852   4000.0  2.564676    5000.0  2.418511
4    -1.0   0.467591  1840.0  2.291575  9200.0  1.788270  18400.0  1.522850  672809.0  0.152127
   year     top  threshold   num1      roi1    num2      roi2    num3      roi3     num4      roi4
0  2010  1000.0   0.518882  138.0  5.025797   566.0  3.253190   801.0  3.168325   1000.0  3.050890
1  2010  2000.0   0.517083  181.0  4.295228   803.0  3.757416  1282.0  2.906821   2000.0  3.172864
2  2010  3000.0   0.515756  197.0  3.485240   898.0  2.908225  1552.0  2.477519   3000.0  3.181388
3  2010  5000.0   0.513691  215.0  4.075435  1019.0  3.596909  1854.0  3.103690   5000.0  2.946581
4  2010    -1.0   0.468893  252.0  2.734104  1260.0  3.358797  2520.0  2.373972  92818.0  0.872927
0  2014  1000.0   0.519384  143.0  2.152043   546.0  1.634544   760.0  0.409414   1000.0  0.872114
1  2014  2000.0   0.517788  185.0  1.140801   812.0  1.016868  1254.0  0.451012   2000.0  1.457105
2  2014  3000.0   0.516578  199.0  1.508072   931.0  0.571635  1568.0  0.470287   3000.0  1.536260
3  2014  5000.0   0.514730  215.0  1.650676  1028.0  1.489428  1865.0  0.792899   5000.0  1.339255
4  2014    -1.0   0.469037  252.0  1.143646  1260.0  1.929648  2520.0  2.487407  94286.0  0.395472
0  2013  1000.0   0.519202  141.0  4.276169   551.0  5.499665   778.0  5.989391   1000.0  5.516553
1  2013  2000.0   0.517555  179.0  3.701757   787.0  5.153444  1234.0  4.602572   2000.0  5.129361
2  2013  3000.0   0.516346  198.0  3.803168   911.0  5.049766  1530.0  3.836721   3000.0  4.856033
3  2013  5000.0   0.514374  222.0  3.753902  1034.0  5.113217  1844.0  3.843734   5000.0  4.631505
4  2013    -1.0   0.468521  252.0  4.058608  1260.0  6.026667  2520.0  4.646347  93077.0  3.397363
0  2012  1000.0   0.519655  141.0  2.576443   563.0  2.666585   772.0  3.650605   1000.0  5.015799
1  2012  2000.0   0.517981  185.0  1.112974   798.0  2.347481  1257.0  2.829988   2000.0  5.249450
2  2012  3000.0   0.516791  206.0  0.599799   931.0  1.923996  1554.0  1.985560   3000.0  4.943605
3  2012  5000.0   0.514854  228.0  0.224369  1077.0  1.121526  1928.0  1.302081   5000.0  5.493864
4  2012    -1.0   0.468091  250.0  0.241984  1250.0  0.422551  2500.0  0.199727  90292.0  0.967839
0  2011  1000.0   0.519105  106.0  0.904588   459.0  0.450989   706.0 -0.184008   1000.0 -2.600203
1  2011  2000.0   0.517277  137.0  0.760388   618.0  0.196869  1025.0  0.164846   2000.0 -2.080953
2  2011  3000.0   0.515894  150.0  2.684257   688.0  1.400652  1217.0  0.696246   3000.0 -2.022714
3  2011  5000.0   0.513750  181.0  1.840635   817.0  2.663788  1475.0  1.744067   5000.0 -0.981344
4  2011    -1.0   0.468889  252.0  1.469400  1260.0  1.474015  2520.0  1.748005  92452.0 -2.560804
0  2017  1000.0   0.514324   74.0  0.533388   352.0 -0.580561   606.0  0.631064   1000.0  2.191690
1  2017  2000.0   0.511644   78.0  0.751325   382.0 -0.392562   732.0  0.243079   2000.0  2.172596
2  2017  3000.0   0.509643   78.0  0.751325   390.0 -0.209016   761.0  0.359400   3000.0  2.149957
3  2017  5000.0   0.506410   78.0  0.751325   390.0 -0.209016   775.0  0.284198   5000.0  1.682381
4  2017    -1.0   0.469932   78.0  0.751325   390.0 -0.209016   780.0  0.396512  27698.0  0.463685
0  2016  1000.0   0.516803  132.0 -0.021612   550.0 -0.449960   792.0  0.594306   1000.0  2.255108
1  2016  2000.0   0.514774  180.0  2.871531   799.0 -0.179572  1295.0 -0.484292   2000.0  1.181224
2  2016  3000.0   0.513435  192.0  2.504944   894.0  0.073634  1556.0 -0.362560   3000.0  0.860781
3  2016  5000.0   0.511455  216.0  3.174256  1002.0  0.965049  1843.0 -0.051602   5000.0  0.509197
4  2016    -1.0   0.467591  252.0  2.964639  1260.0  1.401971  2520.0  1.975251  89539.0  1.507406
0  2015  1000.0   0.517719  125.0 -0.140894   494.0 -0.041904   702.0 -0.590672   1000.0  0.758641
1  2015  2000.0   0.515818  172.0  0.897735   714.0 -1.476077  1112.0 -1.553834   2000.0  0.763367
2  2015  3000.0   0.514435  194.0  3.396061   865.0 -1.499256  1410.0 -2.088365   3000.0  0.470304
3  2015  5000.0   0.512469  218.0  3.447474  1015.0 -1.492731  1800.0 -2.038151   5000.0  0.495781
4  2015    -1.0   0.468983  252.0  3.889122  1260.0 -1.488394  2520.0 -2.432633  92647.0 -3.568664
                     date  sym   open   high    low  close      pred
ds                                                                  
2017-04-25FE   2017-04-25   FE  30.59  30.83  30.46  30.61  0.517557
2017-04-25GE   2017-04-25   GE  29.45  29.60  29.32  29.45  0.516667
2017-04-25VZ   2017-04-25   VZ  46.96  47.27  46.58  46.70  0.516624
2017-04-25DHI  2017-04-25  DHI  32.85  32.88  31.98  32.65  0.516425
2017-04-25KO   2017-04-25   KO  42.85  43.43  42.82  43.11  0.516339
